%YAML:1.0
---
H: !!opencv-matrix
   rows: 3
   cols: 3
   dt: d
   data: [ -7.4999999999999973e+00, -6.0416666666666670e+00, 1450.,
       1.4210854715202005e-15, -2.2222222222222218e+01,
       2.9333333333333326e+03, 0., -2.4166666666666659e-02, 1. ]
